46
4
1 1 1 1
4
1 1 1 2
4
1 1 1 3
4
1 1 1 4
4
1 1 2 1
4
1 1 2 2
4
1 1 2 3
4
1 1 2 4
4
1 1 3 1
4
1 1 3 2
4
1 1 3 3
4
1 1 3 4
4
1 1 4 1
4
1 1 4 2
4
1 1 4 3
4
1 1 4 4
4
1 2 1 1
4
1 2 1 2
4
1 2 1 3
4
1 2 1 4
4
1 2 2 1
4
1 2 2 2
4
1 2 2 3
4
1 2 2 4
4
1 2 3 1
4
1 2 3 2
4
1 2 3 3
4
1 2 3 4
4
1 2 4 1
4
1 2 4 2
4
1 2 4 3
4
1 2 4 4
4
1 3 1 1
4
1 3 1 2
4
1 3 1 3
4
1 3 1 4
4
1 3 2 1
4
1 3 2 2
4
1 3 2 3
4
1 3 2 4
4
1 3 3 1
4
1 3 3 2
18
39332321 91957720 18770103 57926661 2230217 49890373 59415589 71309224 31271569 75475942 76187583 57364150 64679102 9939295 16702386 49441422 39072967 63761258
4
62696678 93735833 48752981 40679653
35
370147 362195 790558 256992 202429 723002 172747 968655 841483 475305 789831 476569 840936 789684 207240 43774 194309 129381 508824 237808 599653 690424 651283 835222 54047 338589 902893 18762 49888 315642 549418 606556 308006 323366 996644
8
772357 494255 414345 861907 655782 55701 524955 446171
