14
3
1 1 2
4
1 9 8 4
4
2 0 2 2
6
1 1 1 11 111 1111
8
1 1 1 2 2 2 2 3
10
1 1 1 2 2 2 2 3 3 3
12
1 1 1 1 1 1 1 1 1 1 1 1
12
1 1 1 1 1 2 2 2 2 2 3 3
4
264385501 421128429 264385501 264385501
10
233777512 950430242 233777512 233777512 233777512 233777512 233777512 233777512 233777512 233777512
18
273043092 273043092 205044610 205044610 205044610 205044610 273043092 273043092 273043092 205044610 273043092 205044610 205044610 205044610 273043092 273043092 273043092 205044610
3
613103295 391852114 735086791
6
272578892 272578892 272578892 272578892 464043560 314101578
6
789593104 789593104 929293099 647530567 789593104 412704736
