43
3
1 1 1
10
1 1 1 1 1 2 2 2 2 2
10
1 1 2 2 3 3 4 4 5 6
1
1
2
1 2
3
1000000000 1000000000 1000000000
2
7 7
5
3 3 4 4 10
6
2 2 3 4 5 9
5
5 6 8 9 10
2
1 7
1
4
7
1 1 1 1 1 1 1
9
4 4 4 4 4 4 8 8 8
7
6 6 6 6 6 6 6
2
3 9
5
10 10 10 10 10
5
3 3 3 3 3
2
5 10
4
2 2 2 2
7
2 4 4 5 5 10 10
6
1 3 3 4 6 8
2
1 1
2
10 10
8
2 2 2 2 6 6 6 6
7
1 1 1 1 1 1 1
7
2 3 3 5 6 7 9
9
5 5 5 5 5 5 6 6 6
8
10 10 10 10 10 10 10 10
1
7
9
5 6 6 9 9 9 9 9 9
6
5 5 7 8 8 10
1
95
12
1 1 1 1 1 1 1 39 39 39 39 39
3
5 5 5
9
46 46 46 46 46 46 46 46 46
8
18 18 18 18 35 35 35 35
17
23 23 25 25 25 25 25 25 25 36 36 66 66 95 95 96 96
11
195927690 195927690 195927690 195927690 648407515 648407515 648407515 648407515 723866428 723866428 723866428
33
40510088 40510088 40510088 40510088 40510088 40510088 235029827 235029827 281017349 281017349 281017349 479119612 479119612 479119612 725087676 725087676 725087676 725087676 725087676 725087676 767831567 767831567 767831567 850812995 850812995 850812995 893044761 893044761 893044761 893044761 919517599 919517599 919517599
6
120432071 120432071 235546117 235546117 240892467 240892467
30
129739050 129739050 129739050 129739050 129739050 129739050 129739050 129739050 571857735 571857735 757409067 757409067 757409067 757409067 757409067 757409067 829853742 829853742 988723354 988723354 988723354 988723354 988723354 988723354 988723354 988723354 988723354 988723354 988723354 988723354
43
453285891 453285891 453285891 453285891 453285891 453285891 453285891 453285891 453285891 453285891 453285891 453285891 453285891 453285891 453285891 453285891 453285891 453285891 453285891 453285891 453285891 453285891 453285891 453285891 453285891 946362997 946362997 946362997 946362997 946362997 946362997 946362997 946362997 946362997 946362997 946362997 946362997 946362997 946362997 946362997 946362997 946362997 946362997
